d_fov: 107.67901611328125
disto:
- 0.0
- 0.0
- 0.0
- 0.0
- 0.0
- 0.0
- 0.0
- 0.0
- 0.0
- 0.0
- 0.0
- 0.0
extr_4x4:
- - -0.0011084097009632346
  - 0.44910137685994905
  - -0.893480119941363
  - 786.7902351959971
- - -0.9999663172532736
  - 0.006768366636928638
  - 0.004642582470318263
  - 120.68202130361018
- - 0.008132391214176036
  - 0.8934551709602256
  - 0.4490787477687777
  - -338.4187905932893
- - 0.0
  - 0.0
  - 0.0
  - 1.0
focal_length: 2.146728515625
h_fov: 100.03885650634766
id: 34783283
intr_3x3:
- - 536.68212890625
  - 0.0
  - 658.3914184570312
- - 0.0
  - 536.68212890625
  - 366.7905578613281
- - 0.0
  - 0.0
  - 1.0
v_fov: 67.7084732055664
