d_fov: 108.83560180664062
disto:
- 0.0
- 0.0
- 0.0
- 0.0
- 0.0
- 0.0
- 0.0
- 0.0
- 0.0
- 0.0
- 0.0
- 0.0
extr_4x4:
- - 0.9994678772737337
  - 0.0056049161874682325
  - 0.03213327266974495
  - 64.58736023201533
- - 0.017115587416608933
  - 0.7484960067452547
  - -0.6629183845344704
  - 653.0002182274386
- - -0.02776722826140807
  - 0.6631156104337607
  - 0.7480017835765768
  - -843.7981246047536
- - 0.0
  - 0.0
  - 0.0
  - 1.0
focal_length: 2.1015799045562744
h_fov: 101.2358169555664
id: 39725782
intr_3x3:
- - 525.3949584960938
  - 0.0
  - 633.0411987304688
- - 0.0
  - 525.3949584960938
  - 348.917724609375
- - 0.0
  - 0.0
  - 1.0
v_fov: 68.8398208618164
