d_fov: 109.2891845703125
disto:
- 0.0
- 0.0
- 0.0
- 0.0
- 0.0
- 0.0
- 0.0
- 0.0
- 0.0
- 0.0
- 0.0
- 0.0
extr_4x4:
- - -0.025309635209724658
  - -0.34432281033948176
  - 0.9385101089735112
  - -668.3762835529171
- - 0.9996208686291955
  - 0.0014645552174051924
  - 0.027494982797372888
  - 121.7008819862926
- - -0.010841649623711888
  - 0.9388501783340814
  - 0.3441551994021013
  - -402.702772750461
- - 0.0
  - 0.0
  - 0.0
  - 1.0
focal_length: 2.0840518474578857
h_fov: 101.70612335205078
id: 32689769
intr_3x3:
- - 521.012939453125
  - 0.0
  - 679.0618286132812
- - 0.0
  - 521.012939453125
  - 351.37054443359375
- - 0.0
  - 0.0
  - 1.0
v_fov: 69.28802490234375
