d_fov: 109.28288269042969
disto:
- 0.0
- 0.0
- 0.0
- 0.0
- 0.0
- 0.0
- 0.0
- 0.0
- 0.0
- 0.0
- 0.0
- 0.0
extr_4x4:
- - -0.008249640654702664
  - -0.5662820072090071
  - 0.8241702686583678
  - -787.3385131455001
- - 0.99995432450551
  - -0.008649619607693806
  - 0.004066077147750535
  - 101.52056980408607
- - 0.004826212987170876
  - 0.8241661679491462
  - 0.5663274982518705
  - -530.9891555991235
- - 0.0
  - 0.0
  - 0.0
  - 1.0
focal_length: 2.0842947959899902
h_fov: 101.69957733154297
id: 32689769
intr_3x3:
- - 521.0736694335938
  - 0.0
  - 679.0628662109375
- - 0.0
  - 521.0736694335938
  - 351.37457275390625
- - 0.0
  - 0.0
  - 1.0
v_fov: 69.28177642822266
