d_fov: 107.67919921875
disto:
- 0.0
- 0.0
- 0.0
- 0.0
- 0.0
- 0.0
- 0.0
- 0.0
- 0.0
- 0.0
- 0.0
- 0.0
extr_4x4:
- - 0.010335235053226246
  - 0.597045548296601
  - -0.802140758330859
  - 689.2696792050413
- - -0.9998535880855565
  - -0.004770116264700609
  - -0.016433148914913473
  - 316.1520688080902
- - -0.0136376430820375
  - 0.8021931558234788
  - 0.5969088334420379
  - -490.4962055311481
- - 0.0
  - 0.0
  - 0.0
  - 1.0
focal_length: 2.146721363067627
h_fov: 100.0390396118164
id: 34783283
intr_3x3:
- - 536.6803588867188
  - 0.0
  - 658.3905029296875
- - 0.0
  - 536.6803588867188
  - 366.7904052734375
- - 0.0
  - 0.0
  - 1.0
v_fov: 67.70864868164062
