d_fov: 108.81594848632812
disto:
- 0.0
- 0.0
- 0.0
- 0.0
- 0.0
- 0.0
- 0.0
- 0.0
- 0.0
- 0.0
- 0.0
- 0.0
extr_4x4:
- - 0.9977132927808114
  - -0.03246988345144037
  - 0.05927809103809903
  - -104.00073459662937
- - 0.0659914102515138
  - 0.657507641617902
  - -0.7505523532619701
  - 739.3832549210274
- - -0.014605450403451303
  - 0.7527479046020087
  - 0.6581468475468053
  - -520.4889655499953
- - 0.0
  - 0.0
  - 0.0
  - 1.0
focal_length: 2.102341651916504
h_fov: 101.21544647216797
id: 39725782
intr_3x3:
- - 525.5853881835938
  - 0.0
  - 633.0411987304688
- - 0.0
  - 525.5853881835938
  - 348.9176025390625
- - 0.0
  - 0.0
  - 1.0
v_fov: 68.82046508789062
