{
    "robot": {
        "base_transform": [
            [
                1.0,
                0.0,
                0.0,
                0.0
            ],
            [
                0.0,
                1.0,
                0.0,
                0.0
            ],
            [
                0.0,
                0.0,
                1.0,
                0.0
            ],
            [
                0.0,
                0.0,
                0.0,
                1.0
            ]
        ],
        "states": [
            {
                "id": 16,
                "goal_position": [
                    [
                        0.1196538944954946,
                        0.6745247249067944,
                        -0.7284911399745877,
                        -535.8572030475897
                    ],
                    [
                        0.12006145026571391,
                        -0.7382085066460436,
                        -0.6638022663982939,
                        -197.64228758748848
                    ],
                    [
                        -0.9855293976803303,
                        -0.008037176421580403,
                        -0.1693139394822939,
                        379.1845445401333
                    ],
                    [
                        0.0,
                        0.0,
                        0.0,
                        1.0
                    ]
                ],
                "joint_angles": [
                    0.08861757945014999,
                    -1.1395974287522521,
                    0.5580552193053391,
                    0.06270653452325956,
                    0.3143138071021078,
                    -2.2708870733951017,
                    -0.015106245164181333,
                    0.0,
                    0.0
                ]
            },
            {
                "id": 17,
                "goal_position": [
                    [
                        0.10673890380014256,
                        0.6892864505382008,
                        -0.7165828601913333,
                        -536.2703119941301
                    ],
                    [
                        0.1209382970341899,
                        -0.7243494667016332,
                        -0.6787427925212386,
                        -197.88333911765525
                    ],
                    [
                        -0.9869046229124747,
                        -0.014214049159464164,
                        -0.16067739754078186,
                        380.2763723592508
                    ],
                    [
                        0.0,
                        0.0,
                        0.0,
                        1.0
                    ]
                ],
                "joint_angles": [
                    -0.2016379774694291,
                    -0.9827544686843381,
                    0.7594297882769633,
                    0.6255739108061651,
                    0.466555254487332,
                    -2.5056133305034956,
                    -0.330446761484126,
                    0.0,
                    0.0
                ]
            },
            {
                "id": 18,
                "goal_position": [
                    [
                        0.09347955356677612,
                        0.6987252581856566,
                        -0.7092563617186269,
                        -535.9643888033621
                    ],
                    [
                        0.12342143745620188,
                        -0.7150134590429851,
                        -0.68813000382459,
                        -197.80423907778965
                    ],
                    [
                        -0.9879416591283117,
                        -0.023211354134842113,
                        -0.15307681469780432,
                        378.62975815713713
                    ],
                    [
                        0.0,
                        0.0,
                        0.0,
                        1.0
                    ]
                ],
                "joint_angles": [
                    -0.4643664032400768,
                    -0.9056236899109061,
                    0.981816723624988,
                    1.0199125102971471,
                    0.545413983245701,
                    -2.6713633272785775,
                    -0.5461357935975276,
                    0.0,
                    0.0
                ]
            },
            {
                "id": 19,
                "goal_position": [
                    [
                        0.09057614341772535,
                        0.6899736295525186,
                        -0.7181450777981393,
                        -536.0002529845359
                    ],
                    [
                        0.12129723061342212,
                        -0.7233836542951898,
                        -0.6797080774450541,
                        -198.1911986851963
                    ],
                    [
                        -0.9884750599226497,
                        -0.025543672810725206,
                        -0.14921319207849126,
                        378.07493265544434
                    ],
                    [
                        0.0,
                        0.0,
                        0.0,
                        1.0
                    ]
                ],
                "joint_angles": [
                    -0.6220153599969076,
                    -0.9423401655047755,
                    1.1305822931343243,
                    1.1939121651897397,
                    0.5524436351172886,
                    -2.7637153168514583,
                    -0.6684009257890374,
                    0.0,
                    0.0
                ]
            },
            {
                "id": 20,
                "goal_position": [
                    [
                        0.09931249769128003,
                        0.6869090587267835,
                        -0.7199256717477185,
                        -536.4471731601028
                    ],
                    [
                        0.14248960255580917,
                        -0.7258634083452248,
                        -0.6729182904253243,
                        -198.35707447827758
                    ],
                    [
                        -0.9848013713261202,
                        -0.03575272667277117,
                        -0.1699647068354344,
                        377.1305120123431
                    ],
                    [
                        0.0,
                        0.0,
                        0.0,
                        1.0
                    ]
                ],
                "joint_angles": [
                    -0.6882501854708832,
                    -0.9692994467834495,
                    1.1816089866325008,
                    1.27356837583162,
                    0.5360021173316729,
                    -2.8042563056138317,
                    -0.7171839275129005,
                    0.0,
                    0.0
                ]
            },
            {
                "id": 21,
                "goal_position": [
                    [
                        0.09712457453828671,
                        0.6932333436055214,
                        -0.714138885885838,
                        -537.0814753399246
                    ],
                    [
                        0.165358145038774,
                        -0.718798232360951,
                        -0.675267195282066,
                        -198.05063560591117
                    ],
                    [
                        -0.9814395044474685,
                        -0.052503642428705956,
                        -0.18444475227456614,
                        377.5066985932008
                    ],
                    [
                        0.0,
                        0.0,
                        0.0,
                        1.0
                    ]
                ],
                "joint_angles": [
                    -0.708757142249516,
                    -0.9767571214072474,
                    1.1925703500920835,
                    1.2973972008737216,
                    0.5221695489187748,
                    -2.806222948584929,
                    -0.7378100914863689,
                    0.0,
                    0.0
                ]
            },
            {
                "id": 22,
                "goal_position": [
                    [
                        0.10064743051970537,
                        0.6862717503574085,
                        -0.7203479571645635,
                        -536.4888137326116
                    ],
                    [
                        0.13872823003838447,
                        -0.7266317058120526,
                        -0.6728750569749808,
                        -198.95512064555072
                    ],
                    [
                        -0.9852028080147752,
                        -0.03220945156387363,
                        -0.1683388793765609,
                        377.35310964007476
                    ],
                    [
                        0.0,
                        0.0,
                        0.0,
                        1.0
                    ]
                ],
                "joint_angles": [
                    -0.722786825635445,
                    -1.0023110392087398,
                    1.2198062475416882,
                    1.3103086566587596,
                    0.5248549591855916,
                    -2.8287473085915193,
                    -0.7475932863697442,
                    0.0,
                    0.0
                ]
            },
            {
                "id": 23,
                "goal_position": [
                    [
                        0.08642859351115945,
                        0.6877056782186026,
                        -0.7208266077008911,
                        -536.5665341527059
                    ],
                    [
                        0.11551534933275537,
                        -0.7255715128462442,
                        -0.6783820338235262,
                        -198.36057644188352
                    ],
                    [
                        -0.989538428911285,
                        -0.02463493235030624,
                        -0.1421506870046066,
                        376.91521135022094
                    ],
                    [
                        0.0,
                        0.0,
                        0.0,
                        1.0
                    ]
                ],
                "joint_angles": [
                    -0.73930453876645,
                    -1.048907033074162,
                    1.2598557188885504,
                    1.3141381249623711,
                    0.5129944101181907,
                    -2.8400205401024143,
                    -0.7775362418714841,
                    0.0,
                    0.0
                ]
            },
            {
                "id": 24,
                "goal_position": [
                    [
                        0.08510106180202615,
                        0.6876629793902681,
                        -0.7210252672800499,
                        -536.4686342582771
                    ],
                    [
                        0.12111434560615975,
                        -0.7254237414421033,
                        -0.6775630676479732,
                        -199.03166170451303
                    ],
                    [
                        -0.9889838848882013,
                        -0.02966516691744904,
                        -0.1450201823995561,
                        376.71719266829746
                    ],
                    [
                        0.0,
                        0.0,
                        0.0,
                        1.0
                    ]
                ],
                "joint_angles": [
                    -0.7452503912561256,
                    -1.0639655002824222,
                    1.268864404898265,
                    1.3239239931569313,
                    0.5034809450493808,
                    -2.8502109763154952,
                    -0.790776550663932,
                    0.0,
                    0.0
                ]
            },
            {
                "id": 25,
                "goal_position": [
                    [
                        0.08649440711597661,
                        0.6813646442496085,
                        -0.7268156156166845,
                        -536.492048762639
                    ],
                    [
                        0.12466435688532662,
                        -0.7312177927774529,
                        -0.6706559010759824,
                        -198.73408474310318
                    ],
                    [
                        -0.9884217296579552,
                        -0.03260001675266851,
                        -0.14818813463871588,
                        376.6797115881333
                    ],
                    [
                        0.0,
                        0.0,
                        0.0,
                        1.0
                    ]
                ],
                "joint_angles": [
                    -0.7498335777002639,
                    -1.0645351832834298,
                    1.271548785450538,
                    1.3328754036807609,
                    0.5016617475817893,
                    -2.8639194697389683,
                    -0.7932327691572526,
                    0.0,
                    0.0
                ]
            },
            {
                "id": 26,
                "goal_position": [
                    [
                        0.09113526392193372,
                        0.685952144626241,
                        -0.7219169058503478,
                        -536.7055202599914
                    ],
                    [
                        0.12207141461472182,
                        -0.7271617121905304,
                        -0.6755252875045441,
                        -198.38057674326245
                    ],
                    [
                        -0.988328353030429,
                        -0.02656124256876801,
                        -0.15000522320693682,
                        376.8238416409678
                    ],
                    [
                        0.0,
                        0.0,
                        0.0,
                        1.0
                    ]
                ],
                "joint_angles": [
                    -0.7505501946950963,
                    -1.0671586255118903,
                    1.2698334539439005,
                    1.3318256398914239,
                    0.5025770476204257,
                    -2.8552820442699183,
                    -0.7916927731569356,
                    0.0,
                    0.0
                ]
            },
            {
                "id": 27,
                "goal_position": [
                    [
                        0.08649440711597661,
                        0.6813646442496085,
                        -0.7268156156166845,
                        -536.492048762639
                    ],
                    [
                        0.12466435688532662,
                        -0.7312177927774529,
                        -0.6706559010759824,
                        -198.73408474310318
                    ],
                    [
                        -0.9884217296579552,
                        -0.03260001675266851,
                        -0.14818813463871588,
                        376.6797115881333
                    ],
                    [
                        0.0,
                        0.0,
                        0.0,
                        1.0
                    ]
                ],
                "joint_angles": [
                    -0.7514655426285534,
                    -1.0662306825832673,
                    1.2732771163363887,
                    1.334832806665924,
                    0.5007807826503196,
                    -2.8651960855544187,
                    -0.7945653732887292,
                    0.0,
                    0.0
                ]
            },
            {
                "id": 28,
                "goal_position": [
                    [
                        0.09410783196721434,
                        0.683317359960672,
                        -0.7240311468015778,
                        -536.6493477483192
                    ],
                    [
                        0.13033253462797317,
                        -0.7294557623875865,
                        -0.6714966277927186,
                        -198.1155640341263
                    ],
                    [
                        -0.986993995108318,
                        -0.031171722697379396,
                        -0.15770598379325695,
                        376.54168667517354
                    ],
                    [
                        0.0,
                        0.0,
                        0.0,
                        1.0
                    ]
                ],
                "joint_angles": [
                    -0.7501160888980188,
                    -1.0572406755138986,
                    1.2624135077846732,
                    1.3354022876818838,
                    0.5039508511719107,
                    -2.8581317632826098,
                    -0.7878750788111869,
                    0.0,
                    0.0
                ]
            },
            {
                "id": 29,
                "goal_position": [
                    [
                        0.10056347822909173,
                        0.6928304863470357,
                        -0.7140538523351001,
                        -537.0018685228916
                    ],
                    [
                        0.1601626379223578,
                        -0.7196049508039137,
                        -0.6756601543618276,
                        -198.07366505553193
                    ],
                    [
                        -0.9819546406327629,
                        -0.04641801338518089,
                        -0.18333153513008754,
                        377.20636255367805
                    ],
                    [
                        0.0,
                        0.0,
                        0.0,
                        1.0
                    ]
                ],
                "joint_angles": [
                    -0.737496208615706,
                    -1.0207776609858983,
                    1.227479298159823,
                    1.3280032833628994,
                    0.5077600666305506,
                    -2.8309096810864824,
                    -0.770932492933125,
                    0.0,
                    0.0
                ]
            },
            {
                "id": 30,
                "goal_position": [
                    [
                        0.09435720737584125,
                        0.6829870236498301,
                        -0.7243103222667608,
                        -536.6283069896975
                    ],
                    [
                        0.13015623765519002,
                        -0.729774821589731,
                        -0.6711840757743899,
                        -198.74311447061243
                    ],
                    [
                        -0.9869934504421385,
                        -0.030942451415853285,
                        -0.1577545355439881,
                        376.60162146462704
                    ],
                    [
                        0.0,
                        0.0,
                        0.0,
                        1.0
                    ]
                ],
                "joint_angles": [
                    -0.7402422587571785,
                    -1.0367826311177988,
                    1.2494413428520332,
                    1.3255079700727963,
                    0.5134741905583129,
                    -2.8496999323088876,
                    -0.7735326628035722,
                    0.0,
                    0.0
                ]
            },
            {
                "id": 31,
                "goal_position": [
                    [
                        0.09309768807937413,
                        0.692069766548057,
                        -0.7158018292128022,
                        -536.9010080921879
                    ],
                    [
                        0.14417078065957345,
                        -0.7207175368879446,
                        -0.6780715434422708,
                        -198.7241166037372
                    ],
                    [
                        -0.9851637460231092,
                        -0.04007081546827201,
                        -0.166873374956651,
                        376.9655247487967
                    ],
                    [
                        0.0,
                        0.0,
                        0.0,
                        1.0
                    ]
                ],
                "joint_angles": [
                    -0.7374858590697101,
                    -1.0337333111508402,
                    1.2412534178359083,
                    1.3223491107737797,
                    0.5081968728220428,
                    -2.834580164812779,
                    -0.7760282571791313,
                    0.0,
                    0.0
                ]
            },
            {
                "id": 32,
                "goal_position": [
                    [
                        0.09928018986040049,
                        0.6918261352457821,
                        -0.7152062936609043,
                        -536.9777526799278
                    ],
                    [
                        0.14278064442722826,
                        -0.7212239395927643,
                        -0.6778272025636314,
                        -198.68100006362428
                    ],
                    [
                        -0.9847624746497138,
                        -0.0348228021442518,
                        -0.17038263107662732,
                        377.2233932044737
                    ],
                    [
                        0.0,
                        0.0,
                        0.0,
                        1.0
                    ]
                ],
                "joint_angles": [
                    -0.7347319804708677,
                    -1.0277204378383953,
                    1.234461074219927,
                    1.3206130024767275,
                    0.5126170964090727,
                    -2.831068922314017,
                    -0.7685367986568382,
                    0.0,
                    0.0
                ]
            },
            {
                "id": 33,
                "goal_position": [
                    [
                        0.09467731407763613,
                        0.6953979614499923,
                        -0.7123607803706204,
                        -536.8980600534337
                    ],
                    [
                        0.14178871221513034,
                        -0.7176994907142412,
                        -0.6817649170475801,
                        -198.71390795993867
                    ],
                    [
                        -0.9853589027798042,
                        -0.03645704650288829,
                        -0.16654944152673323,
                        376.97875639756865
                    ],
                    [
                        0.0,
                        0.0,
                        0.0,
                        1.0
                    ]
                ],
                "joint_angles": [
                    -0.7336468490946146,
                    -1.0311349811523929,
                    1.236661187444594,
                    1.31601952006721,
                    0.5107674604213247,
                    -2.8250428339978666,
                    -0.7715506667234175,
                    0.0,
                    0.0
                ]
            },
            {
                "id": 34,
                "goal_position": [
                    [
                        0.09694304272452442,
                        0.6918261352457821,
                        -0.7155268304251041,
                        -536.9777526799278
                    ],
                    [
                        0.1405653846306602,
                        -0.7212239395927643,
                        -0.6782900571303749,
                        -198.68100006362428
                    ],
                    [
                        -0.9853138683236655,
                        -0.0348228021442518,
                        -0.16716444998825786,
                        377.2233932044737
                    ],
                    [
                        0.0,
                        0.0,
                        0.0,
                        1.0
                    ]
                ],
                "joint_angles": [
                    -0.7338088447945922,
                    -1.0291606432336982,
                    1.2360268693050487,
                    1.3178893291559537,
                    0.5126294676272268,
                    -2.830440008959106,
                    -0.7692839674012885,
                    0.0,
                    0.0
                ]
            },
            {
                "id": 35,
                "goal_position": [
                    [
                        0.10793371808595514,
                        0.6928018469038884,
                        -0.7130048481088349,
                        -536.716179412545
                    ],
                    [
                        0.15761880302069747,
                        -0.7200485114693833,
                        -0.675785804870928,
                        -198.96513654200197
                    ],
                    [
                        -0.98158373327723,
                        -0.0394428961574396,
                        -0.1869161108846677,
                        377.57873191207364
                    ],
                    [
                        0.0,
                        0.0,
                        0.0,
                        1.0
                    ]
                ],
                "joint_angles": [
                    -0.7268946998490109,
                    -1.0026797340864773,
                    1.2122925341175017,
                    1.3201799784911132,
                    0.5178334939630047,
                    -2.8224070978826483,
                    -0.7530547938373773,
                    0.0,
                    0.0
                ]
            },
            {
                "id": 36,
                "goal_position": [
                    [
                        0.0952368901777873,
                        0.6958344208509603,
                        -0.7118598131010576,
                        -536.5601490416481
                    ],
                    [
                        0.14661259915298513,
                        -0.7171164546107289,
                        -0.6813580089029145,
                        -198.71247581718103
                    ],
                    [
                        -0.9845987408680096,
                        -0.03947719956566152,
                        -0.1703140340535178,
                        376.9853467510861
                    ],
                    [
                        0.0,
                        0.0,
                        0.0,
                        1.0
                    ]
                ],
                "joint_angles": [
                    -0.7286162109621097,
                    -1.0161019263941835,
                    1.2264502591205317,
                    1.3122735312360847,
                    0.5150902226577928,
                    -2.81887395525312,
                    -0.7626853657143796,
                    0.0,
                    0.0
                ]
            },
            {
                "id": 37,
                "goal_position": [
                    [
                        0.0950897470151022,
                        0.6919885107925177,
                        -0.7156185023766205,
                        -536.7557526753208
                    ],
                    [
                        0.13603806997944962,
                        -0.7211648443976633,
                        -0.679275283461102,
                        -199.08498417230456
                    ],
                    [
                        -0.9861295977349378,
                        -0.03275924504697151,
                        -0.16271216406612726,
                        376.551377280562
                    ],
                    [
                        0.0,
                        0.0,
                        0.0,
                        1.0
                    ]
                ],
                "joint_angles": [
                    -0.7320841932655016,
                    -1.0306498602422571,
                    1.2378452418892711,
                    1.3151124700978405,
                    0.5140391816047883,
                    -2.830153075959648,
                    -0.7691777661425137,
                    0.0,
                    0.0
                ]
            },
            {
                "id": 38,
                "goal_position": [
                    [
                        0.09464849848205531,
                        0.6920738030463394,
                        -0.7155945170779809,
                        -536.4837042002175
                    ],
                    [
                        0.1414159865467462,
                        -0.7208788912984329,
                        -0.678480023898532,
                        -198.74821186113246
                    ],
                    [
                        -0.9854152325208407,
                        -0.03697938908796001,
                        -0.16610040426976214,
                        376.6714539687395
                    ],
                    [
                        0.0,
                        0.0,
                        0.0,
                        1.0
                    ]
                ],
                "joint_angles": [
                    -0.7347547428381569,
                    -1.0309446879091033,
                    1.2381689821375654,
                    1.319001797012478,
                    0.5112812814178841,
                    -2.8317086661777005,
                    -0.772191944612001,
                    0.0,
                    0.0
                ]
            },
            {
                "id": 39,
                "goal_position": [
                    [
                        0.09158037955255877,
                        0.6923849795747998,
                        -0.715692723269011,
                        -536.4035934528798
                    ],
                    [
                        0.1395659897300402,
                        -0.7205435542851638,
                        -0.6792189049848196,
                        -199.09941802417276
                    ],
                    [
                        -0.9859687462550137,
                        -0.03768323814784404,
                        -0.16262104713415582,
                        376.46328073858024
                    ],
                    [
                        0.0,
                        0.0,
                        0.0,
                        1.0
                    ]
                ],
                "joint_angles": [
                    -0.7361763536629796,
                    -1.0367107332812875,
                    1.243560604372521,
                    1.3197608366300702,
                    0.5091014553564426,
                    -2.8341669318552056,
                    -0.7767568839133495,
                    0.0,
                    0.0
                ]
            },
            {
                "id": 40,
                "goal_position": [
                    [
                        0.10809925602861836,
                        0.6923849795747998,
                        -0.713384602374668,
                        -536.4035934528798
                    ],
                    [
                        0.15522894704683227,
                        -0.720543554285164,
                        -0.6758113348981611,
                        -199.09941802417276
                    ],
                    [
                        -0.9819462942772333,
                        -0.03768323814784409,
                        -0.18536841348488153,
                        376.46328073858024
                    ],
                    [
                        0.0,
                        0.0,
                        0.0,
                        1.0
                    ]
                ],
                "joint_angles": [
                    -0.7295932963011439,
                    -1.010851451556902,
                    1.2173987583908046,
                    1.323400837396585,
                    0.5159819699752354,
                    -2.826917694577929,
                    -0.7583042989406658,
                    0.0,
                    0.0
                ]
            },
            {
                "id": 41,
                "goal_position": [
                    [
                        0.105569720686232,
                        0.6945349951504954,
                        -0.7116713950873198,
                        -536.3438962291871
                    ],
                    [
                        0.15922345982667396,
                        -0.718243078746757,
                        -0.6773291442668059,
                        -199.0565206933616
                    ],
                    [
                        -0.9815818477921514,
                        -0.04180933321258757,
                        -0.18641098610667872,
                        376.85484552288307
                    ],
                    [
                        0.0,
                        0.0,
                        0.0,
                        1.0
                    ]
                ],
                "joint_angles": [
                    -0.7246679652822585,
                    -0.9984385833270946,
                    1.2096464948156107,
                    1.3174636926640277,
                    0.5186779356942228,
                    -2.8180239224053776,
                    -0.7515955596488999,
                    0.0,
                    0.0
                ]
            },
            {
                "id": 42,
                "goal_position": [
                    [
                        0.09679895801460126,
                        0.6953913914393897,
                        -0.7120819998000769,
                        -536.480599343711
                    ],
                    [
                        0.13958565511000193,
                        -0.7178558166453444,
                        -0.6820548888439677,
                        -198.73626674125464
                    ],
                    [
                        -0.9854673036761792,
                        -0.033374229885273235,
                        -0.16655435798791313,
                        376.6850999663166
                    ],
                    [
                        0.0,
                        0.0,
                        0.0,
                        1.0
                    ]
                ],
                "joint_angles": [
                    -0.7289954615002446,
                    -1.0204206050159275,
                    1.2292379083768414,
                    1.3113599072669313,
                    0.5173102271076142,
                    -2.819510168575437,
                    -0.7626554292066459,
                    0.0,
                    0.0
                ]
            },
            {
                "id": 43,
                "goal_position": [
                    [
                        0.10828430244320686,
                        0.6925935766577747,
                        -0.7131540138124298,
                        -536.5598951922059
                    ],
                    [
                        0.15667785377779836,
                        -0.7202964697863121,
                        -0.675740368595039,
                        -199.03201767694918
                    ],
                    [
                        -0.9816957573403132,
                        -0.03856336585112453,
                        -0.18651087591414467,
                        377.0210785702657
                    ],
                    [
                        0.0,
                        0.0,
                        0.0,
                        1.0
                    ]
                ],
                "joint_angles": [
                    -0.7244983743704817,
                    -1.0000223104300323,
                    1.2095537249431891,
                    1.3178507249019282,
                    0.5199396543096569,
                    -2.8208710576458103,
                    -0.750711932374766,
                    0.0,
                    0.0
                ]
            },
            {
                "id": 44,
                "goal_position": [
                    [
                        0.09642536878947056,
                        0.6937146040829179,
                        -0.7137662056555318,
                        -536.6165962382493
                    ],
                    [
                        0.13521834695417262,
                        -0.7195895001133553,
                        -0.6811071501412919,
                        -199.06476543437014
                    ],
                    [
                        -0.9861126441237813,
                        -0.030838278302973587,
                        -0.16318962494752176,
                        376.64286504526507
                    ],
                    [
                        0.0,
                        0.0,
                        0.0,
                        1.0
                    ]
                ],
                "joint_angles": [
                    -0.7296334939137811,
                    -1.0245365299443356,
                    1.2332914978390763,
                    1.3121268552365095,
                    0.5176898313252497,
                    -2.8241361649011885,
                    -0.7642619648605058,
                    0.0,
                    0.0
                ]
            },
            {
                "id": 45,
                "goal_position": [
                    [
                        0.10478714955770324,
                        0.6973429659232544,
                        -0.7090362763391803,
                        -536.2645080883908
                    ],
                    [
                        0.1524242883795558,
                        -0.7157991653850655,
                        -0.6814678210642302,
                        -198.7605327758588
                    ],
                    [
                        -0.9827443663535079,
                        -0.0366652793716699,
                        -0.18129855953382507,
                        376.5185960272772
                    ],
                    [
                        0.0,
                        0.0,
                        0.0,
                        1.0
                    ]
                ],
                "joint_angles": [
                    -0.7272264315140305,
                    -1.0117779830999556,
                    1.2169265841867376,
                    1.3155915656601422,
                    0.5164218716305722,
