d_fov: 109.25872802734375
disto:
- 0.0
- 0.0
- 0.0
- 0.0
- 0.0
- 0.0
- 0.0
- 0.0
- 0.0
- 0.0
- 0.0
- 0.0
extr_4x4:
- - -0.005838328438544011
  - -0.41835760515850234
  - 0.9082636336037497
  - -515.1447996054678
- - 0.9999767378132444
  - -0.005645836183319035
  - 0.003827318405003503
  - 119.51378682194637
- - 0.003526719924496629
  - 0.9082648505473686
  - 0.41838083549170907
  - -340.4184459634185
- - 0.0
  - 0.0
  - 0.0
  - 1.0
focal_length: 2.0852255821228027
h_fov: 101.67453002929688
id: 32689769
intr_3x3:
- - 521.306396484375
  - 0.0
  - 679.0616455078125
- - 0.0
  - 521.306396484375
  - 351.37261962890625
- - 0.0
  - 0.0
  - 1.0
v_fov: 69.25784301757812
