d_fov: 107.68368530273438
disto:
- 0.0
- 0.0
- 0.0
- 0.0
- 0.0
- 0.0
- 0.0
- 0.0
- 0.0
- 0.0
- 0.0
- 0.0
extr_4x4:
- - -0.0005113351130479087
  - 0.4503274035982865
  - -0.8928633535456746
  - 784.5215513343766
- - -0.9999197469966618
  - 0.011072080860033088
  - 0.006156995335476199
  - 119.5153984068907
- - 0.012658518970809777
  - 0.8927948468678877
  - 0.45028560192794387
  - -338.93189916135697
- - 0.0
  - 0.0
  - 0.0
  - 1.0
focal_length: 2.146545171737671
h_fov: 100.04367065429688
id: 34783283
intr_3x3:
- - 536.6362915039062
  - 0.0
  - 658.3983154296875
- - 0.0
  - 536.6362915039062
  - 366.7918395996094
- - 0.0
  - 0.0
  - 1.0
v_fov: 67.7130126953125
