d_fov: 108.77119445800781
disto:
- 0.0
- 0.0
- 0.0
- 0.0
- 0.0
- 0.0
- 0.0
- 0.0
- 0.0
- 0.0
- 0.0
- 0.0
extr_4x4:
- - 0.9996544832945767
  - 0.0006813008658605694
  - 0.02627641258206778
  - 69.64064762911165
- - 0.016727382876919467
  - 0.754628255931694
  - -0.6559393188486105
  - 646.2101919366856
- - -0.020275815424830975
  - 0.6561522164700965
  - 0.7543561228824472
  - -848.2625248053395
- - 0.0
  - 0.0
  - 0.0
  - 1.0
focal_length: 2.104076862335205
h_fov: 101.1690673828125
id: 39725782
intr_3x3:
- - 526.0192260742188
  - 0.0
  - 633.0433959960938
- - 0.0
  - 526.0192260742188
  - 348.91815185546875
- - 0.0
  - 0.0
  - 1.0
v_fov: 68.77638244628906
