d_fov: 107.67919921875
disto:
- 0.0
- 0.0
- 0.0
- 0.0
- 0.0
- 0.0
- 0.0
- 0.0
- 0.0
- 0.0
- 0.0
- 0.0
extr_4x4:
- - -0.007670557720462606
  - 0.44228614506299685
  - -0.8968411946546451
  - 789.7141338648946
- - -0.9999598921585173
  - 0.0007541313351324978
  - 0.008924424925773474
  - 118.9053132033456
- - 0.00462348554485114
  - 0.8968736796066897
  - 0.44226262131246585
  - -333.51182542020183
- - 0.0
  - 0.0
  - 0.0
  - 1.0
focal_length: 2.146721363067627
h_fov: 100.0390396118164
id: 34783283
intr_3x3:
- - 536.6803588867188
  - 0.0
  - 658.3905029296875
- - 0.0
  - 536.6803588867188
  - 366.7904052734375
- - 0.0
  - 0.0
  - 1.0
v_fov: 67.70864868164062
