d_fov: 109.28288269042969
disto:
- 0.0
- 0.0
- 0.0
- 0.0
- 0.0
- 0.0
- 0.0
- 0.0
- 0.0
- 0.0
- 0.0
- 0.0
extr_4x4:
- - 0.0038981860060931274
  - -0.41542273556775766
  - 0.909620115718239
  - -515.064283472456
- - 0.9999708271299581
  - 0.0075945690506363595
  - -0.0008169516279431042
  - 118.78495809781033
- - -0.006568792498563313
  - 0.9095967641182193
  - 0.41544022153707605
  - -338.89206036688245
- - 0.0
  - 0.0
  - 0.0
  - 1.0
focal_length: 2.0842947959899902
h_fov: 101.69957733154297
id: 32689769
intr_3x3:
- - 521.0736694335938
  - 0.0
  - 679.0628662109375
- - 0.0
  - 521.0736694335938
  - 351.37457275390625
- - 0.0
  - 0.0
  - 1.0
v_fov: 69.28177642822266
