d_fov: 108.77119445800781
disto:
- 0.0
- 0.0
- 0.0
- 0.0
- 0.0
- 0.0
- 0.0
- 0.0
- 0.0
- 0.0
- 0.0
- 0.0
extr_4x4:
- - 0.9991326854226299
  - 0.024410725487732546
  - 0.03373415778297992
  - 76.60416258906218
- - 0.003520151240292349
  - 0.7577249816945387
  - -0.6525645260441733
  - 642.5800707309871
- - -0.04149078759688574
  - 0.6521172966554205
  - 0.7569818663266753
  - -840.4337923150373
- - 0.0
  - 0.0
  - 0.0
  - 1.0
focal_length: 2.104076862335205
h_fov: 101.1690673828125
id: 39725782
intr_3x3:
- - 526.0192260742188
  - 0.0
  - 633.0433959960938
- - 0.0
  - 526.0192260742188
  - 348.91815185546875
- - 0.0
  - 0.0
  - 1.0
v_fov: 68.77638244628906
