d_fov: 108.82352447509766
disto:
- 0.0
- 0.0
- 0.0
- 0.0
- 0.0
- 0.0
- 0.0
- 0.0
- 0.0
- 0.0
- 0.0
- 0.0
extr_4x4:
- - 0.9832563610402872
  - -0.10505556394936491
  - 0.14889679968720865
  - 63.690271040677
- - 0.18216652762662927
  - 0.5454970663460273
  - -0.8180759786354408
  - 968.2736335841197
- - 0.004720665871290454
  - 0.831502422781292
  - 0.5555010677060602
  - -497.48407119683435
- - 0.0
  - 0.0
  - 0.0
  - 1.0
focal_length: 2.102047920227051
id: 39725782
intr_3x3:
- - 525.511962890625
  - 0.0
  - 633.0404663085938
- - 0.0
  - 525.511962890625
  - 348.9173583984375
- - 0.0
  - 0.0
  - 1.0
