d_fov: 107.67919921875
disto:
- 0.0
- 0.0
- 0.0
- 0.0
- 0.0
- 0.0
- 0.0
- 0.0
- 0.0
- 0.0
- 0.0
- 0.0
extr_4x4:
- - 0.0022354292115451604
  - 0.5771295838036966
  - -0.8166495247992324
  - 883.0802476074485
- - -0.9997910538881042
  - 0.01788324604205822
  - 0.009901417894043262
  - 260.85487752976803
- - 0.020318745570370427
  - 0.8164567551374479
  - 0.5770489715517004
  - -479.42916544284714
- - 0.0
  - 0.0
  - 0.0
  - 1.0
focal_length: 2.146721363067627
id: 34783283
intr_3x3:
- - 536.6803588867188
  - 0.0
  - 658.3905029296875
- - 0.0
  - 536.6803588867188
  - 366.7904052734375
- - 0.0
  - 0.0
  - 1.0
