d_fov: 109.30287170410156
disto:
- 0.0
- 0.0
- 0.0
- 0.0
- 0.0
- 0.0
- 0.0
- 0.0
- 0.0
- 0.0
- 0.0
- 0.0
extr_4x4:
- - -0.01418686294402759
  - -0.5655032812597053
  - 0.8246240184498109
  - -608.7881568076801
- - 0.9996410698639862
  - 0.01072260377085467
  - 0.024551114222341398
  - 71.38130314258557
- - -0.022725852261083142
  - 0.8246763393313041
  - 0.5651481849799461
  - -533.7334136654376
- - 0.0
  - 0.0
  - 0.0
  - 1.0
focal_length: 2.083524465560913
id: 32689769
intr_3x3:
- - 520.881103515625
  - 0.0
  - 679.0625610351562
- - 0.0
  - 520.881103515625
  - 351.37188720703125
- - 0.0
  - 0.0
  - 1.0
