d_fov: 107.70067596435547
disto:
- 0.0
- 0.0
- 0.0
- 0.0
- 0.0
- 0.0
- 0.0
- 0.0
- 0.0
- 0.0
- 0.0
- 0.0
extr_4x4:
- - -0.013586738779466787
  - 0.5508218409525985
  - -0.8345122527913711
  - 908.2998023275237
- - -0.9997775201349649
  - 0.005983041991665139
  - 0.020226552877495706
  - 278.6892036343005
- - 0.016134148943116863
  - 0.8346014035083553
  - 0.5506180041551179
  - -465.45495781191624
- - 0.0
  - 0.0
  - 0.0
  - 1.0
focal_length: 2.145876884460449
id: 34783283
intr_3x3:
- - 536.46923828125
  - 0.0
  - 658.3925170898438
- - 0.0
  - 536.46923828125
  - 366.790771484375
- - 0.0
  - 0.0
  - 1.0
