d_fov: 108.82440948486328
disto:
- 0.0
- 0.0
- 0.0
- 0.0
- 0.0
- 0.0
- 0.0
- 0.0
- 0.0
- 0.0
- 0.0
- 0.0
extr_4x4:
- - 0.9972419643643576
  - -0.049894120070188196
  - 0.054945803234996496
  - 77.83146565006004
- - 0.07421427789204535
  - 0.6787360838220425
  - -0.730622727182011
  - 714.5766333211978
- - -0.0008399212341504196
  - 0.7326854067745167
  - 0.680566961607733
  - -542.9196425588414
- - 0.0
  - 0.0
  - 0.0
  - 1.0
focal_length: 2.10201358795166
id: 39725782
intr_3x3:
- - 525.50341796875
  - 0.0
  - 633.0409545898438
- - 0.0
  - 525.50341796875
  - 348.91754150390625
- - 0.0
  - 0.0
  - 1.0
