d_fov: 109.29473876953125
disto:
- 0.0
- 0.0
- 0.0
- 0.0
- 0.0
- 0.0
- 0.0
- 0.0
- 0.0
- 0.0
- 0.0
- 0.0
extr_4x4:
- - -0.015299765914459567
  - -0.5825808440458298
  - 0.8126287450698575
  - -596.7516258160852
- - 0.9998742481844821
  - -0.005523294231905783
  - 0.014865430984161432
  - 80.60532652753267
- - -0.004171927669532619
  - 0.812753993144098
  - 0.5825920885558299
  - -550.133596302876
- - 0.0
  - 0.0
  - 0.0
  - 1.0
focal_length: 2.0838377475738525
id: 32689769
intr_3x3:
- - 520.9594116210938
  - 0.0
  - 679.0638427734375
- - 0.0
  - 520.9594116210938
  - 351.37677001953125
- - 0.0
  - 0.0
  - 1.0
