d_fov: 107.67708587646484
disto:
- 0.0
- 0.0
- 0.0
- 0.0
- 0.0
- 0.0
- 0.0
- 0.0
- 0.0
- 0.0
- 0.0
- 0.0
extr_4x4:
- - -0.0009279094995638348
  - 0.4490058770316247
  - -0.8935283215293303
  - 786.7609973004373
- - -0.9999674607786219
  - 0.006743682100513931
  - 0.004427204047997426
  - 120.8597482502285
- - 0.008013511584568709
  - 0.893503354858161
  - 0.44898500920330875
  - -338.31474724187166
- - 0.0
  - 0.0
  - 0.0
  - 1.0
focal_length: 2.1468043327331543
h_fov: 100.036865234375
id: 34783283
intr_3x3:
- - 536.7011108398438
  - 0.0
  - 658.39501953125
- - 0.0
  - 536.7011108398438
  - 366.7912292480469
- - 0.0
  - 0.0
  - 1.0
v_fov: 67.70660400390625
