d_fov: 109.28288269042969
disto:
- 0.0
- 0.0
- 0.0
- 0.0
- 0.0
- 0.0
- 0.0
- 0.0
- 0.0
- 0.0
- 0.0
- 0.0
extr_4x4:
- - -0.025322371426416194
  - -0.34451122202978474
  - 0.9384406190062783
  - -668.0629317591035
- - 0.9996244864951053
  - 0.0011075274232836068
  - 0.027379908370978753
  - 121.86914081434661
- - -0.010472034412622223
  - 0.9387815460896912
  - 0.34435380819254735
  - -402.75023628119084
- - 0.0
  - 0.0
  - 0.0
  - 1.0
focal_length: 2.0842947959899902
h_fov: 101.69957733154297
id: 32689769
intr_3x3:
- - 521.0736694335938
  - 0.0
  - 679.0628662109375
- - 0.0
  - 521.0736694335938
  - 351.37457275390625
- - 0.0
  - 0.0
  - 1.0
v_fov: 69.28177642822266
