d_fov: 108.821533203125
disto:
- 0.0
- 0.0
- 0.0
- 0.0
- 0.0
- 0.0
- 0.0
- 0.0
- 0.0
- 0.0
- 0.0
- 0.0
extr_4x4:
- - 0.9992230281940834
  - 0.010837042775670803
  - 0.037893250461321665
  - 57.997592622406735
- - 0.0170472185486532
  - 0.7480247090960834
  - -0.6634519024929196
  - 653.5261629414751
- - -0.03553494429995111
  - 0.6635823935922338
  - 0.7472587735503686
  - -842.4213867594874
- - 0.0
  - 0.0
  - 0.0
  - 1.0
focal_length: 2.1021251678466797
h_fov: 101.22122955322266
id: 39725782
intr_3x3:
- - 525.5313110351562
  - 0.0
  - 633.0420532226562
- - 0.0
  - 525.5313110351562
  - 348.91796875
- - 0.0
  - 0.0
  - 1.0
v_fov: 68.82595825195312
