d_fov: 107.67919921875
disto:
- 0.0
- 0.0
- 0.0
- 0.0
- 0.0
- 0.0
- 0.0
- 0.0
- 0.0
- 0.0
- 0.0
- 0.0
extr_4x4:
- - -0.015634882338397195
  - 0.5465694545078443
  - -0.8372678077253788
  - 908.2345424884576
- - -0.9998450711266318
  - -0.0017744699098718065
  - 0.017512424170285663
  - 280.58561322899175
- - 0.008086049594550039
  - 0.8374118954585826
  - 0.5465125187462937
  - -458.63971205187437
- - 0.0
  - 0.0
  - 0.0
  - 1.0
focal_length: 2.146721363067627
h_fov: 100.0390396118164
id: 34783283
intr_3x3:
- - 536.6803588867188
  - 0.0
  - 658.3905029296875
- - 0.0
  - 536.6803588867188
  - 366.7904052734375
- - 0.0
  - 0.0
  - 1.0
v_fov: 67.70864868164062
