d_fov: 108.77119445800781
disto:
- 0.0
- 0.0
- 0.0
- 0.0
- 0.0
- 0.0
- 0.0
- 0.0
- 0.0
- 0.0
- 0.0
- 0.0
extr_4x4:
- - 0.9971861728389751
  - -0.045427681136550706
  - 0.05963272998373779
  - 74.0346129028967
- - 0.07453267442202208
  - 0.6860954572109944
  - -0.7236835662345371
  - 708.5353827589006
- - -0.008038478852267938
  - 0.7260918326086531
  - 0.6875507497463363
  - -547.2301946406533
- - 0.0
  - 0.0
  - 0.0
  - 1.0
focal_length: 2.104076862335205
h_fov: 101.1690673828125
id: 39725782
intr_3x3:
- - 526.0192260742188
  - 0.0
  - 633.0433959960938
- - 0.0
  - 526.0192260742188
  - 348.91815185546875
- - 0.0
  - 0.0
  - 1.0
v_fov: 68.77638244628906
