d_fov: 109.28288269042969
disto:
- 0.0
- 0.0
- 0.0
- 0.0
- 0.0
- 0.0
- 0.0
- 0.0
- 0.0
- 0.0
- 0.0
- 0.0
extr_4x4:
- - -0.013587658559182232
  - -0.5552922619355899
  - 0.8315442738479624
  - -613.2949022575441
- - 0.9998543168861753
  - 0.0010464915414980743
  - 0.017036720914921383
  - 78.55546659379516
- - -0.010330563341775111
  - 0.8316546210356254
  - 0.5551971458600374
  - -524.4373136573641
- - 0.0
  - 0.0
  - 0.0
  - 1.0
focal_length: 2.0842947959899902
h_fov: 101.69957733154297
id: 32689769
intr_3x3:
- - 521.0736694335938
  - 0.0
  - 679.0628662109375
- - 0.0
  - 521.0736694335938
  - 351.37457275390625
- - 0.0
  - 0.0
  - 1.0
v_fov: 69.28177642822266
