d_fov: 100.92919921875
disto:
- 0.0
- 0.0
- 0.0
- 0.0
- 0.0
- 0.0
- 0.0
- 0.0
- 0.0
- 0.0
- 0.0
- 0.0
extr_4x4:
- - -0.01875564323511926
  - -0.5991435254687602
  - 0.8004219273206489
  - -764.603879630463
- - 0.9997589501121319
  - -0.002099752721788929
  - 0.021854809749692845
  - 85.76663129239812
- - -0.011413479641409046
  - 0.8006388867194576
  - 0.5990384842020607
  - -566.0280861678802
- - 0.0
  - 0.0
  - 0.0
  - 1.0
focal_length: 2.0910677909851074
h_fov: 93.1187973022461
id: 32689769
intr_3x3:
- - 1045.533935546875
  - 0.0
  - 1178.0418701171875
- - 0.0
  - 1045.533935546875
  - 607.6524047851562
- - 0.0
  - 0.0
  - 1.0
v_fov: 61.41861343383789
