d_fov: 98.98970031738281
disto:
- 0.0
- 0.0
- 0.0
- 0.0
- 0.0
- 0.0
- 0.0
- 0.0
- 0.0
- 0.0
- 0.0
- 0.0
extr_4x4:
- - 0.0013894740044359502
  - 0.5772249381303921
  - -0.816584006800498
  - 704.4045752590505
- - -0.9999939480724607
  - -0.0018024985649648779
  - -0.002975704517656065
  - 305.7347540272507
- - -0.0031895423565295026
  - 0.8165831995573313
  - 0.5772189402819937
  - -480.8447424133755
- - 0.0
  - 0.0
  - 0.0
  - 1.0
focal_length: 2.1641852855682373
h_fov: 91.15099334716797
id: 34783283
intr_3x3:
- - 1082.0926513671875
  - 0.0
  - 1140.6475830078125
- - 0.0
  - 1082.0926513671875
  - 636.9722900390625
- - 0.0
  - 0.0
  - 1.0
v_fov: 59.70375442504883
