d_fov: 100.3793716430664
disto:
- 0.0
- 0.0
- 0.0
- 0.0
- 0.0
- 0.0
- 0.0
- 0.0
- 0.0
- 0.0
- 0.0
- 0.0
extr_4x4:
- - 0.9971482739965403
  - -0.04216914035082202
  - 0.06258660613736035
  - -106.12932284245016
- - 0.07468114305835766
  - 0.6707713830777119
  - -0.7378946256177167
  - 727.6953580137819
- - -0.010864922329106453
  - 0.7404643916125111
  - 0.6720077664854005
  - -533.410690817169
- - 0.0
  - 0.0
  - 0.0
  - 1.0
focal_length: 2.1115856170654297
h_fov: 92.56002044677734
id: 39725782
intr_3x3:
- - 1055.7928466796875
  - 0.0
  - 1094.7747802734375
- - 0.0
  - 1055.7928466796875
  - 603.6978759765625
- - 0.0
  - 0.0
  - 1.0
v_fov: 60.92848587036133
