d_fov: 107.67919921875
disto:
- 0.0
- 0.0
- 0.0
- 0.0
- 0.0
- 0.0
- 0.0
- 0.0
- 0.0
- 0.0
- 0.0
- 0.0
extr_4x4:
- - 0.0013894740044359502
  - 0.5772249381303921
  - -0.816584006800498
  - 704.4045752590505
- - -0.9999939480724607
  - -0.0018024985649648779
  - -0.002975704517656065
  - 305.7347540272507
- - -0.0031895423565295026
  - 0.8165831995573313
  - 0.5772189402819937
  - -480.8447424133755
- - 0.0
  - 0.0
  - 0.0
  - 1.0
focal_length: 2.146721363067627
h_fov: 100.0390396118164
id: 34783283
intr_3x3:
- - 536.6803588867188
  - 0.0
  - 658.3905029296875
- - 0.0
  - 536.6803588867188
  - 366.7904052734375
- - 0.0
  - 0.0
  - 1.0
v_fov: 67.70864868164062
