d_fov: 109.28288269042969
disto:
- 0.0
- 0.0
- 0.0
- 0.0
- 0.0
- 0.0
- 0.0
- 0.0
- 0.0
- 0.0
- 0.0
- 0.0
extr_4x4:
- - -0.01875564323511926
  - -0.5991435254687602
  - 0.8004219273206489
  - -764.603879630463
- - 0.9997589501121319
  - -0.002099752721788929
  - 0.021854809749692845
  - 85.76663129239812
- - -0.011413479641409046
  - 0.8006388867194576
  - 0.5990384842020607
  - -566.0280861678802
- - 0.0
  - 0.0
  - 0.0
  - 1.0
focal_length: 2.0842947959899902
h_fov: 101.69957733154297
id: 32689769
intr_3x3:
- - 521.0736694335938
  - 0.0
  - 679.0628662109375
- - 0.0
  - 521.0736694335938
  - 351.37457275390625
- - 0.0
  - 0.0
  - 1.0
v_fov: 69.28177642822266
