d_fov: 108.81594848632812
disto:
- 0.0
- 0.0
- 0.0
- 0.0
- 0.0
- 0.0
- 0.0
- 0.0
- 0.0
- 0.0
- 0.0
- 0.0
extr_4x4:
- - 0.9971482739965403
  - -0.04216914035082202
  - 0.06258660613736035
  - -106.12932284245016
- - 0.07468114305835766
  - 0.6707713830777119
  - -0.7378946256177167
  - 727.6953580137819
- - -0.010864922329106453
  - 0.7404643916125111
  - 0.6720077664854005
  - -533.410690817169
- - 0.0
  - 0.0
  - 0.0
  - 1.0
focal_length: 2.102341651916504
h_fov: 101.21544647216797
id: 39725782
intr_3x3:
- - 525.5853881835938
  - 0.0
  - 633.0411987304688
- - 0.0
  - 525.5853881835938
  - 348.9176025390625
- - 0.0
  - 0.0
  - 1.0
v_fov: 68.82046508789062
