d_fov: 109.29138946533203
disto:
- 0.0
- 0.0
- 0.0
- 0.0
- 0.0
- 0.0
- 0.0
- 0.0
- 0.0
- 0.0
- 0.0
- 0.0
extr_4x4:
- - -0.012590146989053
  - -0.5671556725795219
  - 0.823514378295646
  - -789.4248798400612
- - 0.9999190285356869
  - -0.008665331143153085
  - 0.009319249348966338
  - 96.12605433031095
- - 0.0018505596566304292
  - 0.8235650278496834
  - 0.5672188469470208
  - -533.3862265831743
- - 0.0
  - 0.0
  - 0.0
  - 1.0
focal_length: 2.0839667320251465
h_fov: 101.70841217041016
id: 32689769
intr_3x3:
- - 520.99169921875
  - 0.0
  - 679.0643310546875
- - 0.0
  - 520.99169921875
  - 351.378662109375
- - 0.0
  - 0.0
  - 1.0
v_fov: 69.29020690917969
