d_fov: 107.67919921875
disto:
- 0.0
- 0.0
- 0.0
- 0.0
- 0.0
- 0.0
- 0.0
- 0.0
- 0.0
- 0.0
- 0.0
- 0.0
extr_4x4:
- - 0.01032218744057774
  - 0.5969057299622402
  - -0.8022449762913364
  - 689.3475500374249
- - -0.9998560321451365
  - -0.00464406075628988
  - -0.01632016184587737
  - 316.07885416951376
- - -0.01346727253104059
  - 0.8022979385726585
  - 0.5967718578591299
  - -490.40634881631456
- - 0.0
  - 0.0
  - 0.0
  - 1.0
focal_length: 2.146721363067627
h_fov: 100.0390396118164
id: 34783283
intr_3x3:
- - 536.6803588867188
  - 0.0
  - 658.3905029296875
- - 0.0
  - 536.6803588867188
  - 366.7904052734375
- - 0.0
  - 0.0
  - 1.0
v_fov: 67.70864868164062
