d_fov: 108.8121337890625
disto:
- 0.0
- 0.0
- 0.0
- 0.0
- 0.0
- 0.0
- 0.0
- 0.0
- 0.0
- 0.0
- 0.0
- 0.0
extr_4x4:
- - 0.9973285593183903
  - -0.036959736544314586
  - 0.06300573499673494
  - -107.21191673361288
- - 0.07161220456311126
  - 0.6647897420611415
  - -0.7435901364380058
  - 733.5737142895584
- - -0.014402670777152425
  - 0.7461156590803171
  - 0.6656605639134927
  - -526.9523484944184
- - 0.0
  - 0.0
  - 0.0
  - 1.0
focal_length: 2.102489471435547
h_fov: 101.21149444580078
id: 39725782
intr_3x3:
- - 525.6223754882812
  - 0.0
  - 633.0408935546875
- - 0.0
  - 525.6223754882812
  - 348.9174499511719
- - 0.0
  - 0.0
  - 1.0
v_fov: 68.81670379638672
