d_fov: 107.67919921875
disto:
- 0.0
- 0.0
- 0.0
- 0.0
- 0.0
- 0.0
- 0.0
- 0.0
- 0.0
- 0.0
- 0.0
- 0.0
extr_4x4:
- - -0.015097369577929011
  - 0.5477667169334709
  - -0.8364948853709471
  - 907.94209111252
- - -0.9998719692402381
  - -0.0038342911562729235
  - 0.015535228964406692
  - 281.8868482813191
- - 0.005302316425397681
  - 0.8366223293883898
  - 0.547754473655185
  - -458.6791019651713
- - 0.0
  - 0.0
  - 0.0
  - 1.0
focal_length: 2.146721363067627
id: 34783283
intr_3x3:
- - 536.6803588867188
  - 0.0
  - 658.3905029296875
- - 0.0
  - 536.6803588867188
  - 366.7904052734375
- - 0.0
  - 0.0
  - 1.0
